0.00099919876	
0.00099923642	
0.00099914983	
0.00099914978	
0.0009992006	
0.00099914917	
0.00099921207	
0.00099922206	
0.00099917804	
0.0009991455	
0.00099921029	
0.00099914758	
0.00099918215	
0.00099915485	
0.00099921212	
0.0009992008	
 0.000999197	
0.00099919563	
0.00099923234	
0.00099912226	
0.00099912375	
0.00099915893	
0.00099910466	
0.00099920882	
0.00099917021	
0.0009991485	
0.00099915201	
0.00099916279	
0.00099917114	
0.00099917064	
0.00099921567	
0.00099926329	
0.00099918851	
0.00099917938	
0.0009991904	
 0.000999138	
0.00099918525	
0.00099922878	
0.00099923407	
0.00099917447	
0.00099923726	
0.00099923648	
0.00099912988	
0.0009991605	
0.00099918984	
0.00099915626	
0.00099916212	
0.0009992124	
0.00099911136	
0.00099915288	
0.00099913802	
0.00099916904	
0.00099921477	
0.00099917999	
0.00099915245	
0.00099913959	
0.00099916179	
0.00099920196	
0.00099920852	
0.0009991547	
0.0009990899	
0.00099920483	
0.00099915276	
0.00099928408	
0.00099917479	
0.00099921762	
0.00099927398	
0.00099920659	
0.00099920585	
0.00099917913	
0.00099919095	
0.00099920212	
0.00099915296	
0.00099928766	
0.00099922916	
0.00099911523	
0.00099920714	
0.00099918879	
0.00099920354	
0.00099916929	
0.00099918056	
0.00099921791	
0.00099922089	
0.00099924335	
0.00099914971	
0.00099917453	
0.00099919702	
0.00099913674	
0.0009991606	
0.00099922936	
0.0009991541	
0.00099920915	
0.00099918091	
0.00099920769	
0.00099916657	
0.00099919933	
0.00099918065	
0.00099913398	
0.0009991429	
0.00099918514	
0.00099913276	
0.00099915484	
0.00099920053	
0.0009992079	
0.00099919424	
0.00099917216	
0.00099921006	
0.00099916594	
0.00099915795	
0.00099922548	
0.00099920447	
0.0009991389	
0.00099919637	
0.00099919358	
0.00099919205	
0.00099918206	
0.00099915058	
0.00099915176	
0.00099913708	
0.00099922498	
0.0009992406	
0.00099916372	
 0.000999213	
0.00099913386	
0.00099920468	
0.0009991584	
0.00099918257	
0.00099923319	
0.00099921037	
0.00099923456	
0.0009992263	
0.00099920056	
0.0009991855	
0.00099915135	
0.00099916409	
0.00099921038	
0.00099916484	
0.00099917236	
0.00099914422	
0.00099919033	
0.00099915115	
0.00099919412	
0.00099922859	
0.00099916018	
0.00099917063	
0.00099914833	
0.00099911638	
0.00099918243	
0.00099915046	
0.00099921496	
0.00099918233	
 0.000999284	
0.00099918955	
0.00099916028	
0.0009991721	
0.00099919735	
0.00099922845	
0.00099918878	
0.00099920864	
0.0009991697	
0.00099920464	
0.00099916373	
0.00099918899	
0.00099912579	
0.00099912816	
0.00099918319	
0.00099916338	
0.00099920715	
0.00099918063	
0.00099913217	
0.00099917065	
0.00099918779	
0.00099920231	
0.00099923322	
0.0009991807	
0.00099922434	
0.00099920354	
0.0009991681	
0.00099919209	
0.00099921239	
0.0009992409	
0.00099913891	
0.00099915441	
 0.000999195	
0.00099918994	
0.00099921264	
0.00099920122	
0.00099923126	
0.00099920573	
0.00099916889	
0.00099917551	
0.00099922134	
0.00099921336	
0.00099916819	
0.00099915706	
0.00099918754	
0.00099925584	
0.00099920074	
0.00099914487	
0.00099919042	
0.00099915802	
0.00099923985	
0.00099921953	
0.00099924817	
0.00099918465	
0.00099921494	
0.00099925171	
0.00099919987	
0.00099919923	
0.00099919043	
0.00099917962	
0.00099918591	
0.00099918997	
0.00099910854	
0.00099917798	
0.00099919508	
0.00099917181	
0.00099921806	
0.00099917349	
0.00099919763	
0.00099915833	
0.00099925437	
0.00099916007	
0.00099919173	
0.00099915865	
0.00099919786	
0.00099913737	
0.00099920824	
0.00099918307	
0.00099917094	
0.00099917312	
0.00099924939	
0.00099923047	
0.00099914781	
0.00099914558	
0.00099917086	
0.00099924007	
0.00099926637	
0.00099921236	
0.00099925684	
0.00099917748	
0.00099914752	
0.00099924855	
0.00099915094	
0.00099915902	
0.00099919045	
0.00099921496	
0.00099913625	
0.00099913263	
0.00099911189	
0.0009991509	
0.00099924425	
0.00099915716	
0.00099920271	
0.00099920517	
0.00099915674	
0.0009991557	
0.0009992052	
0.00099918091	
0.00099924224	
0.00099923898	
0.00099916379	
0.00099923289	
0.00099922412	
0.00099922868	
0.00099920103	
0.00099920178	
0.00099923053	
0.00099914267	
0.00099915617	
0.00099912448	
0.00099919527	
0.00099917693	
0.00099918358	
0.00099916757	
0.0009991515	
0.0009992202	
0.00099917881	
0.00099918881	
0.00099915675	
0.00099914605	
0.0009992445	
0.00099914528	
0.00099914322	
0.00099916915	
0.00099923418	
0.00099916675	
0.00099920989	
0.00099924842	
0.0009991494	
0.00099915825	
0.00099917097	
0.00099917133	
0.00099916005	
0.00099919534	
0.00099919007	
0.0009991738	
0.00099920701	
0.00099918484	
0.00099920585	
0.00099921181	
0.00099916222	
0.0009991809	
0.00099921984	
0.00099917669	
0.00099916673	
0.00099921038	
0.0009992331	
0.00099916528	
0.0009991532	
0.0009991686	
0.00099914672	
0.00099918162	
0.00099914622	
0.00099916039	
0.00099917218	
0.00099913109	
0.00099919423	
0.00099918163	
0.00099916524	
0.00099917108	
0.00099914689	
0.00099917019	
0.00099918101	
0.00099921141	
0.00099916803	
0.00099920855	
0.00099921816	
0.00099916878	
0.00099914507	
0.00099921536	
0.0009992318	
0.00099918413	
0.00099918992	
0.00099917205	
0.00099925984	
0.00099912609	
0.00099923661	
0.00099913796	
0.00099924762	
0.00099921742	
0.00099918796	
0.00099914788	
0.00099916345	
0.00099920128	
 0.000999204	
0.00099916108	
0.00099919093	
0.00099914608	
0.00099920344	
0.0009991875	
0.00099922962	
0.00099913421	
0.00099925983	
0.00099925012	
0.00099917003	
0.0009992085	
0.00099919239	
0.00099921447	
0.0009992006	
0.00099915468	
0.0009991708	
0.00099923214	
0.00099917065	
0.00099922619	
0.00099918047	
0.00099922243	
0.00099914228	
0.00099922248	
0.00099921756	
 0.000999163	
0.00099916753	
0.00099923039	
0.00099920413	
0.00099918183	
0.00099912705	
0.00099924238	
0.00099919765	
0.00099920041	
0.00099924341	
0.00099914628	
0.00099920686	
0.00099918075	
0.00099921035	
0.00099914714	
0.0009991653	
0.00099915279	
0.00099917287	
0.00099919263	
0.00099922775	
0.00099916945	
0.00099917444	
0.00099916876	
0.00099922931	
0.00099920953	
0.00099920091	
0.00099917767	
0.00099919889	
0.00099924849	
0.00099923402	
0.0009991876	
0.00099912221	
0.00099915516	
0.00099919947	
0.00099916698	
0.00099915011	
0.00099914155	
0.0009992174	
0.00099920952	
0.00099921811	
0.00099915005	
0.00099919198	
0.00099915742	
0.0009992406	
0.00099922585	
0.00099927004	
0.00099920057	
0.00099918635	
0.00099925574	
0.0009992142	
0.00099915814	
0.00099920725	
0.0009991683	
0.00099919021	
0.00099924929	
0.00099920905	
0.00099917984	
0.00099917891	
 0.000999174	
0.00099918306	
0.00099921482	
0.00099913197	
0.00099918521	
0.00099921945	
0.00099916631	
0.00099921618	
0.00099915641	
0.00099924881	
0.00099914575	
 0.000999183	
0.00099918062	
0.00099916416	
0.00099915438	
0.0009991216	
0.00099916027	
0.00099916079	
0.00099916667	
0.00099915775	
0.00099917118	
0.00099921637	
0.00099923356	
0.00099923192	
0.00099915157	
0.00099923744	
0.0009991786	
0.00099919125	
0.00099919943	
0.00099917964	
0.00099914481	
0.00099920478	
0.00099924075	
0.00099913039	
0.00099919304	
0.00099916961	
0.00099920603	
0.00099916954	
0.00099913404	
0.00099915902	
0.00099913631	
0.00099915633	
0.00099919284	
0.00099914388	
0.00099926234	
0.00099917558	
0.00099921839	
0.00099919201	
0.00099920549	
0.00099916989	
0.00099920987	
0.00099917389	
0.00099912487	
0.00099921462	
0.00099920257	
0.00099921252	
0.00099913605	
0.0009992568	
0.00099917684	
0.00099913146	
0.00099916524	
0.00099918607	
0.00099916182	
0.0009991861	
0.00099916426	
0.0009991371	
0.00099917633	
0.00099923347	
0.00099915492	
0.00099913117	
0.00099918124	
0.00099922973	
0.00099922196	
0.00099921133	
0.00099920746	
0.00099919249	
0.00099916693	
0.00099920691	
0.00099918463	
0.00099917485	
0.00099920521	
0.00099918114	
0.00099919176	
0.00099915584	
0.00099917861	
0.00099918642	
0.0009991747	
0.00099910569	
0.00099916346	
0.00099915569	
0.00099918474	
0.00099924901	
0.00099915466	
0.00099920782	
0.00099917177	
0.00099923768	
0.00099916561	
0.00099928431	
0.00099918945	
0.00099917737	
0.00099919001	
0.0009991912	
0.00099913292	
0.00099918212	
0.00099910366	
0.00099921396	
0.00099923885	
0.00099920413	
0.00099915215	
0.00099918466	
0.00099910541	
0.00099922688	
0.00099917112	
0.00099921345	
0.00099917087	
0.00099923575	
0.00099916068	
0.00099923533	
0.00099923079	
0.00099922793	
0.00099919558	
0.00099917338	
0.00099920078	
0.0009991604	
0.0009991936	
0.00099918602	
0.00099915495	
0.00099916244	
0.00099921635	
0.00099913043	
0.00099918242	
0.00099919423	
0.00099921157	
0.00099922123	
0.00099917976	
0.00099912985	
0.0009991555	
0.00099921778	
0.00099918533	
0.00099918579	
0.00099922868	
0.00099921949	
0.00099918857	
0.00099919264	
0.00099922024	
0.00099920211	
0.0009992143	
0.00099921809	
0.00099917053	
0.00099917003	
0.00099918325	
0.00099920201	
0.00099922312	
0.00099923797	
0.00099915987	
0.00099922335	
0.00099923252	
0.0009992372	
0.00099921301	
0.00099921386	
0.00099916045	
0.00099920321	
0.00099922756	
0.00099914896	
0.00099923253	
0.00099911662	
0.00099918074	
0.00099922741	
0.00099920602	
0.00099916224	
0.00099921937	
0.00099923592	
0.00099915609	
0.00099922087	
0.00099919891	
0.00099916102	
0.00099919523	
0.00099921503	
0.00099925229	
0.00099917095	
0.00099924772	
0.00099916937	
 0.000999188	
0.00099925335	
0.00099918934	
0.00099917463	
0.00099920478	
0.00099916176	
0.00099921906	
0.00099918751	
0.00099919998	
0.0009991547	
0.00099919202	
0.00099920891	
0.00099924636	
0.00099920362	
0.0009992031	
0.00099918134	
0.00099917094	
0.00099916803	
0.00099922643	
0.00099919115	
0.00099915306	
0.00099915742	
0.00099923744	
0.00099917213	
0.00099925202	
0.00099915629	
0.00099914163	
0.00099916536	
0.00099914524	
0.00099921545	
0.00099916963	
0.00099918033	
0.00099917986	
0.0009991795	
0.00099915301	
0.00099921522	
0.00099923293	
0.00099919933	
0.00099919516	
0.00099918859	
0.00099920784	
0.00099913064	
0.00099920308	
0.0009991083	
0.00099919169	
0.00099922582	
0.0009991666	
0.00099922465	
0.00099918014	
0.00099919605	
0.00099922236	
0.00099922566	
0.00099921627	
0.00099921861	
0.00099923096	
0.00099923217	
0.00099922489	
0.00099914301	
0.00099915516	
0.00099922174	
0.00099916577	
0.00099917742	
0.0009992533	
0.00099920989	
0.00099916264	
0.00099919256	
0.0009992617	
0.00099923586	
0.00099910899	
0.00099916965	
0.00099917254	
0.00099914595	
0.00099917478	
0.0009991799	
0.00099913785	
0.00099919499	
0.00099912773	
0.00099920138	
0.00099918027	
0.00099924925	
0.00099920831	
0.00099916064	
0.00099919253	
0.0009991768	
0.00099920589	
0.00099913674	
0.00099913978	
0.00099927003	
0.00099916165	
0.00099914937	
0.00099912783	
0.00099919416	
0.00099920085	
0.00099922832	
0.0009991357	
0.00099917418	
0.00099919696	
0.00099920885	
0.00099914798	
0.0009992094	
0.00099912161	
0.00099927004	
0.00099911913	
0.00099918081	
0.00099920851	
0.00099920346	
0.00099918294	
0.00099926254	
0.00099918655	
0.0009991769	
0.00099919876	
0.00099916613	
0.00099915995	
0.00099917809	
0.00099920934	
0.00099923616	
0.00099922757	
0.00099916063	
0.00099920742	
0.00099912279	
0.00099922427	
0.00099917394	
0.0009991773	
0.00099917475	
0.00099916738	
0.00099914271	
0.00099921722	
0.00099918106	
0.00099916397	
0.0009992517	
0.00099918441	
0.00099917281	
0.00099925455	
0.00099925961	
0.00099922285	
0.00099914039	
0.00099918157	
 0.000999254	
0.00099920678	
0.00099914446	
0.00099921975	
0.00099918403	
0.00099916953	
0.00099915426	
0.00099926146	
0.00099920559	
0.00099918381	
0.00099920017	
0.00099919064	
0.00099916398	
 0.000999179	
0.00099919949	
0.0009991944	
0.00099917656	
0.00099916192	
0.00099925193	
0.00099922136	
0.00099913708	
0.00099914337	
0.00099917483	
0.00099922459	
0.00099924946	
0.0009992159	
0.00099915963	
0.00099915723	
0.00099921666	
0.00099915658	
0.00099917025	
0.00099921499	
0.00099924034	
0.00099922233	
0.00099916642	
0.00099923156	
0.00099920959	
0.00099919347	
0.00099918334	
0.00099919034	
0.00099917136	
0.00099912478	
0.00099923744	
0.00099925357	
0.00099916896	
0.0009991838	
0.00099922562	
0.00099918735	
0.00099924586	
0.00099916436	
0.00099917982	
0.00099926666	
0.00099919221	
0.00099919761	
0.00099918833	
0.00099930807	
0.00099915932	
0.00099920925	
0.00099916499	
0.00099914405	
0.00099917322	
0.00099922423	
0.00099916195	
0.00099914723	
0.00099919807	
0.00099924685	
0.00099921547	
0.0009992093	
0.00099916863	
0.00099917836	
0.0009991611	
0.0009991872	
0.00099917405	
0.00099916864	
0.00099922028	
0.00099919563	
0.0009992172	
0.00099916685	
0.00099915807	
0.00099923604	
0.00099911612	
0.00099916301	
0.00099915765	
0.00099917937	
0.00099919015	
0.00099911203	
 0.000999197	
0.00099921065	
0.00099918815	
0.00099920883	
0.00099917511	
0.00099919034	
0.00099919204	
0.00099917939	
0.00099926871	
0.00099913885	
0.0009992584	
0.00099918372	
0.00099916716	
0.00099924787	
0.00099917129	
0.00099921626	
0.00099920718	
0.00099919543	
0.00099919789	
0.00099918705	
0.00099916197	
0.00099922673	
0.00099928424	
0.00099915172	
0.00099916609	
0.00099919398	
0.00099917002	
0.00099918148	
0.00099919926	
0.00099914489	
0.0009991682	
0.00099920129	
0.00099920016	
0.00099923174	
0.00099918385	
0.00099916241	
0.00099918813	
0.00099920503	
0.00099914927	
0.00099912702	
0.00099913667	
0.00099919344	
0.00099921527	
0.00099915756	
 0.000999195	
0.00099919476	
0.00099916994	
0.00099915224	
0.00099918477	
0.0009991687	
0.00099922297	
0.00099912874	
0.00099917654	
0.00099925695	
0.00099917167	
0.00099923309	
0.00099914811	
0.00099922555	
0.00099921278	
0.00099917067	
0.00099919006	
0.00099920607	
0.0009992054	
0.0009992131	
0.00099917046	
0.00099917858	
0.00099921671	
0.00099921704	
0.00099909037	
0.00099919735	
0.00099923412	
0.0009992079	
0.00099922205	
0.00099918617	
 0.000999186	
0.0009991671	
0.00099916526	
0.00099916513	
0.0009992495	
0.00099918712	
0.00099913942	
0.0009992482	
0.00099923235	
0.00099918817	
0.00099921436	
0.00099915575	
0.00099915945	
0.00099918668	
0.00099917328	
0.00099921447	
0.00099919449	
0.00099917509	
0.0009992317	
0.00099924193	
0.00099918117	
0.00099918028	
0.00099915282	
0.00099923457	
0.00099914359	
0.00099921605	
0.0009991427	
0.00099925334	
0.00099918059	
0.00099918394	
0.00099914757	
0.00099919915	
0.00099919447	
0.00099919267	
0.0009991908	
0.0009991812	
0.00099920711	
0.00099919277	
0.00099925293	
0.00099913256	
0.00099916543	
0.00099915813	
0.0009991501	
0.00099916962	
 0.000999134	
0.00099920524	
0.00099920339	
0.0009991884	
0.00099921648	
0.00099916755	
0.00099924383	
0.00099920753	
0.00099916066	
0.00099921212	
0.00099919547	
0.00099924215	
0.0009991875	
0.00099915565	
0.00099918041	
0.00099917242	
0.00099918538	
0.00099917512	
0.00099920699	
0.00099915829	
0.00099917195	
0.00099919627	
0.00099916995	
0.00099915734	
0.00099921733	
0.0009991954	
0.00099919502	
0.00099916685	
0.00099917491	
0.00099917604	
0.00099921098	
0.00099921978	
0.00099920526	
0.00099920391	
0.00099920546	
0.00099923696	
0.00099918868	
0.00099918693	
0.0009991915	
0.00099927042	
0.00099916763	
0.0009991818	
0.00099919406	
0.00099922051	
0.00099919888	
0.00099928496	
0.0009992127	
 0.000999163	
0.00099919688	
 0.012971756	
  0.01282696	
 0.012979851	
 0.012849047	
 0.014046536	
 0.013272288	
 0.013566123	
 0.013448303	
  0.01403295	
 0.013323582	
 0.013488223	
 0.013334715	
 0.013057713	
 0.013359456	
 0.013551069	
 0.013136259	
 0.013562683	
  0.01381967	
 0.014241036	
 0.014018099	
 0.013890599	
 0.013311446	
 0.013235857	
 0.013346135	
 0.013699956	
 0.013535376	
 0.013598577	
 0.013383602	
 0.013504115	
 0.013513465	
 0.013152568	
 0.013765068	
 0.013603839	
 0.013554487	
 0.013269047	
 0.013052629	
  0.01329996	
 0.013055116	
 0.014349171	
 0.013120157	
 0.012607356	
 0.013451536	
 0.013622073	
  0.01421204	
 0.013741455	
 0.013928921	
 0.013730768	
 0.013622892	
 0.013818072	
 0.013810305	
